0
0
0
0
0
0
0
0
0
0
0
0
0
0
0
0
0
0
0
0
0
0
0
0
0
0
0
0
0
0
0
0
0
0
0
0
0
0
0
0
0
0
0
0
0
0
0
0
0
0
0
0
0
0
0
0
0
0
0
0
0
0
0
0
0
0
0
0
0
0
0
0
0
0
0
0
0
0
0
0
0
0
0
0
0
0
0
0
0
0
0
0
0
0
0
0
0
0
0
0
0
0
0
0
0
0
0
0
0
0
0
0
0
0
0
0
0
0
0
0
0
0
0
0
0
0
0
0
0
0
0
0
0
0
0
0
0
0
0
0
0
0
0
0
0
0
0
0
0
0
0
0
0
0
0
0
0
0
0
0
0
0
0
0
0
0
0
0
0
0
0
0
0
0
0
0
0
0
0
0
0
0
0
0
0
0
0
0
0
0
0
0
0
0
0
0
0
0
0
0
0
0
0
0
0
0
0
0
0
0
0
0
0
0
0
0
0
0
0
0
0
0
0
0
0
0
0
0
0
0
0
0
0
0
0
0
0
0
0
0
0
0
0
0
0
0
0
0
0
0
0
0
0
0
0
0
0
0
0
0
65535
65529
65517
65522
65522
65522
65522
65522
65522
65522
65517
65508
65500
65466
65442
65445
65465
65487
65481
65491
7
64
65
65
65
65
65
65
65
65
65
65
65
65
65
65
65
65
65
65
65
65
65
65
65
65
65
65
65
65
65
65
65
65
65
65
65
65
65
65
65
65
65
65
65
65
65
65
65
65
65
65
65
65
65
65
65
65
65
65
65
65
65
65
65
65
65
65
65
65
65
65
65
65
65
65
65
65
65
65
65
65
65
65
65
65
65
65
65
65
65
65
65
65
65
65
65
65
65
65
65
65
65
65
65
65
65
65
65
65
65
65
65
65
65
65
65
65
65
65
65
65
65
65
65
65
65
65
65
65
65
65
65
65
65
65
64
64
64
64
64
64
64
64
64
64
64
64
64
64
64
64
64
64
64
64
64
64
64
64
64
64
64
64
64
64
64
64
64
64
64
64
64
64
64
64
64
64
64
64
64
64
64
64
64
64
64
64
64
64
64
64
64
64
64
64
64
64
61
57
59
61
63
65
68
71
71
71
71
70
70
69
67
67
65
46
38
39
37
38
44
49
55
53
55
55
59
63
68
68
69
74
105
238
385
603
817
1011
1195
1406
1662
1939
2235
2532
2707
2842
3026
3275
3478
3641
3717
3884
4087
4262
4505
4781
4948
5052
5159
5248
5307
5369
5372
5392
5431
5457
5528
5528
5531
5531
5532
5530
5529
5528
5528
5529
5528
5538
5545
5552
5561
5562
5559
5558
5557
5558
5597
5597
5597
5597
5597
5597
5597
5597
5597
5597
5597
5597
5597
5597
5597
5597
5597
5597
5597
5596
5596
5596
5596
5596
5596
5596
5596
5596
5596
5596
5596
5596
5596
5596
5596
5596
5596
5596
5596
5596
5596
5596
5596
5596
5596
5596
5596
5596
5596
5596
5596
5596
5596
5596
5596
5596
5596
5596
5596
5596
5596
5596
5596
5596
5596
5596
5596
5596
5596
5596
5596
5596
5596
5596
5596
5596
5596
5596
5596
5596
5596
5596
5596
5596
5596
5596
5596
5596
5596
5596
5596
5596
5596
5596
5596
5596
5596
5596
5596
5596
5596
5596
5596
5596
5596
5596
5596
5596
5596
5596
5596
5596
5596
5596
5596
5596
5596
5596
5596
5596
5596
5596
5596
5596
5596
5596
5596
5596
5596
5596
5596
5596
5596
5596
5596
5596
5596
5596
5596
5596
5596
5596
5596
5596
5596
5596
5596
5596
5596
5596
5596
5596
5596
5596
5596
